0,273
0,270
120,5
120,4
120,3
120,2
120,1
120,0
119,5
119,4
119,3
119,2
119,1
119,0
118,4
118,3
118,2
118,1
118,0
113,36
0,471
0,243
0,386
117,4
117,3
117,2
117,1
117,0
116,5
116,4
116,3
116,2
116,1
116,0
75,3
75,2
75,1
75,0
94,3
94,2
94,1
94,0
115,5
115,4
115,3
115,2
115,1
115,0
0,278
114,5
114,4
114,3
114,2
0,9
114,1
114,0
113,35
3,2
3,1
3,3
10,215
10,193
10,15
10,181
10,143
10,105
10,67
10,157
9,5
8,10
8,5
8,7
8,8
8,14
8,2
8,3
2,2
2,1
2,3
98,6
98,5
98,4
98,3
98,2
98,1
98,0
20,3
20,2
20,1
19,3
19,2
19,1
18,3
18,1
14,3
14,1
13,3
13,1
12,3
12,2
12,1
11,28
11,27
11,26
11,25
11,24
11,23
11,22
11,21
11,20
11,19
